{
    "box_outputs": {
        "box_centers": [
            [
                5.304303378032703,
                -1.3361885499930082,
                4.395313671609977e-12
            ],
            [
                5.059506364361173,
                -1.2779881747193762,
                -4.046541954691798e-12
            ],
            [
                0.1321341311987473,
                -2.4273059201874805,
                2.1952178124686014e-12
            ],
            [
                -4.71309567513377,
                -0.687904758941481,
                -2.2645807165436155e-12
            ],
            [
                -1.0818638556945137,
                -6.081488379756033,
                7.928744283811647e-13
            ],
            [
                -5.937831181341305,
                -1.082568324596459,
                4.70667024801697e-12
            ],
            [
                8.85167902741583,
                -1.2210142923286613,
                2.5257642159735305e-12
            ],
            [
                4.206220687025655,
                1.6072060171842015,
                -1.919382662801863e-12
            ],
            [
                3.293675253172342,
                1.6759102636168055,
                1.514079101866407e-12
            ],
            [
                3.366135069252561,
                1.5180389263286806,
                9.932385543818267e-12
            ],
            [
                -5.644995671219065,
                6.509231825729178,
                1.076264873025188e-12
            ],
            [
                -3.012553811990872,
                4.524624692829153,
                3.042043513125232e-12
            ],
            [
                -2.80263204112428,
                3.1510340676995,
                1.3852704922681826e-12
            ],
            [
                0.16070068172614618,
                4.222955283669496,
                -2.372337728759842e-12
            ],
            [
                -0.2880492067365091,
                -4.360585976408603,
                -2.2365297686382874e-12
            ],
            [
                8.085242367956228,
                0.07082963713877072,
                -2.792333872549201e-12
            ],
            [
                2.1115095062940616,
                -3.210406162546071,
                -2.4401075780546585e-12
            ],
            [
                2.144040190992641,
                -1.7533515342811725,
                5.590879205027856e-15
            ],
            [
                5.048784562379065,
                -2.0267702188671732,
                2.57188123577414e-12
            ],
            [
                -1.823730571985458,
                -3.411772775760119,
                3.9628472560626465e-12
            ],
            [
                -1.8663931700454883,
                -5.207534684840312,
                -1.204224283765607e-11
            ],
            [
                -7.35111856174566,
                0.9713118191984739,
                -1.859467874648426e-13
            ]
        ],
        "box_extents": [
            [
                5.41363833238043,
                0.10156309734095145,
                4.5924210505447946e-11
            ],
            [
                5.750285284705578,
                0.10389797742849641,
                7.00497218775678e-11
            ],
            [
                1.2134184070891405,
                0.07579033910425548,
                2.3263336131170203e-11
            ],
            [
                5.7214793105466715,
                0.10049555950177777,
                8.104226928392651e-11
            ],
            [
                1.4469304310416533,
                0.03737237032709165,
                3.555892096395908e-11
            ],
            [
                1.7213581686823556,
                0.0764019480137343,
                6.663876516041048e-11
            ],
            [
                1.330675944703869,
                0.07117556940476398,
                7.489448203757419e-11
            ],
            [
                7.621853012829245,
                0.11720096403280285,
                2.2934155576182142e-11
            ],
            [
                2.780732574510359,
                0.0687184048214913,
                5.646763110368366e-11
            ],
            [
                6.111586865664085,
                0.09619216202426702,
                6.873694179969186e-11
            ],
            [
                2.5630716378004603,
                0.03475965475386003,
                3.150158146396952e-11
            ],
            [
                2.426209086718706,
                0.032969213176866255,
                2.916997106701918e-11
            ],
            [
                1.0754758127109032,
                0.08492148075850725,
                6.933436938981336e-11
            ],
            [
                5.334412244176976,
                0.12128820450973293,
                3.376145584435498e-11
            ],
            [
                3.373641506197709,
                0.04920293915620487,
                4.5100578283712005e-11
            ],
            [
                2.662814308323709,
                0.15897773769397833,
                5.4496969767184997e-11
            ],
            [
                1.2359353570927074,
                0.07649325908675064,
                1.315809904011711e-10
            ],
            [
                1.0488940396657995,
                0.05240701594626933,
                1.5903672264574525e-12
            ],
            [
                1.0165786058134179,
                0.12916881260449825,
                4.4184703903215685e-11
            ],
            [
                5.216917123671204,
                0.10066648585416457,
                3.226862661349511e-11
            ],
            [
                1.0165230863853747,
                0.09124301331452396,
                1.2719205813114637e-10
            ],
            [
                2.1095793316213762,
                0.09973775551492217,
                1.731426296456058e-11
            ]
        ],
        "box_rotations": [
            [
                [
                    0.999980743516242,
                    -0.00620585181129959,
                    -5.770734594025043e-12
                ],
                [
                    0.00620585181129959,
                    0.999980743516242,
                    -2.0577364736274134e-10
                ],
                [
                    7.047624232171853e-12,
                    2.0573387256211023e-10,
                    1
                ]
            ],
            [
                [
                    0.9998733182217301,
                    -0.015916893800833366,
                    7.751388806063237e-12
                ],
                [
                    -0.015916893800833366,
                    -0.9998733182217301,
                    7.239646664611099e-10
                ],
                [
                    -3.772861865272012e-12,
                    -7.239963313621929e-10,
                    -1.0000000000000002
                ]
            ],
            [
                [
                    0.9988574095078159,
                    -0.04778990972303247,
                    -1.0678753138615266e-11
                ],
                [
                    0.04778990972303247,
                    0.9988574095078159,
                    3.124950748116863e-10
                ],
                [
                    -4.267559717332064e-12,
                    -3.1264835755880104e-10,
                    1.0000000000000002
                ]
            ],
            [
                [
                    0.9999557551039965,
                    -0.009406797244342636,
                    -1.3611124427097947e-11
                ],
                [
                    -0.009406797244342636,
                    -0.9999557551039965,
                    -1.7046654661345549e-10
                ],
                [
                    -1.200697796337712e-11,
                    1.7058704142658174e-10,
                    -1
                ]
            ],
            [
                [
                    0.9998970250941812,
                    -0.014350582141732668,
                    1.043172353060685e-11
                ],
                [
                    -0.014350582141732668,
                    -0.9998970250941812,
                    -4.837267526348156e-10
                ],
                [
                    1.7372409822698274e-11,
                    4.83527239612615e-10,
                    -1.0000000000000002
                ]
            ],
            [
                [
                    0.999948904266578,
                    -0.010108850383217962,
                    -1.9821294829271744e-11
                ],
                [
                    -0.010108850383217962,
                    -0.999948904266578,
                    -7.105264195499512e-10
                ],
                [
                    -1.2637676777121056e-11,
                    7.106904851852591e-10,
                    -1.0000000000000002
                ]
            ],
            [
                [
                    0.9997269749639902,
                    -0.02336611926164662,
                    -3.139136654267049e-12
                ],
                [
                    -0.02336611926164662,
                    -0.9997269749639902,
                    9.635637639683636e-10
                ],
                [
                    -2.5653025416454866e-11,
                    -9.632273374955659e-10,
                    -1.0000000000000002
                ]
            ],
            [
                [
                    0.9999977253989072,
                    -0.002132884669136055,
                    2.694177739547361e-12
                ],
                [
                    0.002132884669136055,
                    0.9999977253989072,
                    4.6836125572906264e-11
                ],
                [
                    -2.7940676655639132e-12,
                    -4.683027266900724e-11,
                    1
                ]
            ],
            [
                [
                    0.9999977536934899,
                    -0.002119577310292224,
                    7.727004157415612e-12
                ],
                [
                    -0.002119577310292224,
                    -0.9999977536934899,
                    7.360442187005011e-10
                ],
                [
                    6.166884174866521e-12,
                    -7.360589433022695e-10,
                    -0.9999999999999999
                ]
            ],
            [
                [
                    0.9999749779537515,
                    -0.007074140682412819,
                    -3.6244104381740792e-12
                ],
                [
                    -0.007074140682412819,
                    -0.9999749779537515,
                    6.818393878933178e-10
                ],
                [
                    -8.447747500776043e-12,
                    -6.817966872872892e-10,
                    -1.0000000000000002
                ]
            ],
            [
                [
                    0.9996911715205107,
                    -0.02485078638492538,
                    -1.978748197436695e-11
                ],
                [
                    -0.02485078638492538,
                    -0.9996911715205107,
                    -5.844836001439452e-10
                ],
                [
                    -5.256493943726561e-12,
                    5.847948294500667e-10,
                    -1.0000000000000002
                ]
            ],
            [
                [
                    0.9999968459319661,
                    -0.002511598319728926,
                    6.507802040529251e-12
                ],
                [
                    0.002511598319728926,
                    0.9999968459319661,
                    7.032305860638302e-10
                ],
                [
                    -8.274014272818767e-12,
                    -7.032120230420481e-10,
                    1
                ]
            ],
            [
                [
                    0.9998855033597267,
                    -0.015132090769814742,
                    -5.5524353672584387e-11
                ],
                [
                    0.015132090769814742,
                    0.9998855033597267,
                    6.736748128840509e-10
                ],
                [
                    4.5323887902736117e-11,
                    -6.744378789410478e-10,
                    0.9999999999999999
                ]
            ],
            [
                [
                    0.004352630528096203,
                    -0.9999905272588766,
                    -9.460646480813063e-11
                ],
                [
                    -0.9999905272588766,
                    -0.004352630528096203,
                    -5.813938118076866e-12
                ],
                [
                    5.4020960572670365e-12,
                    9.463087455012209e-11,
                    -1
                ]
            ],
            [
                [
                    0.0008335538154032249,
                    -0.9999996525939581,
                    6.623999068311133e-10
                ],
                [
                    0.9999996525939581,
                    0.0008335538154032249,
                    4.518493500268253e-12
                ],
                [
                    -5.0706379001781264e-12,
                    6.623959103018865e-10,
                    1
                ]
            ],
            [
                [
                    0.008533905026799904,
                    -0.9999635855694915,
                    -3.3200884491593156e-10
                ],
                [
                    0.9999635855694915,
                    0.008533905026799904,
                    -1.1633125055137053e-12
                ],
                [
                    3.9966020947214105e-12,
                    -3.3198682740448157e-10,
                    1.0000000000000002
                ]
            ],
            [
                [
                    0.013053242334038762,
                    -0.9999148028030033,
                    -1.6335249346246376e-9
                ],
                [
                    0.9999148028030033,
                    0.013053242334038762,
                    3.074343589571289e-11
                ],
                [
                    -9.418019810798305e-12,
                    -1.633787064397911e-9,
                    1
                ]
            ],
            [
                [
                    0.001791608430114,
                    -0.9999983950683287,
                    1.4694412320436693e-11
                ],
                [
                    -0.9999983950683287,
                    -0.001791608430114,
                    -1.3545578946621654e-12
                ],
                [
                    1.380882353678165e-12,
                    -1.4691961899565816e-11,
                    -1
                ]
            ],
            [
                [
                    0.05865254098888984,
                    -0.9982784578641105,
                    -1.7979867922027143e-10
                ],
                [
                    -0.9982784578641105,
                    -0.05865254098888984,
                    2.6560359274955343e-11
                ],
                [
                    -3.7060283900034365e-11,
                    1.779313156569625e-10,
                    -1
                ]
            ],
            [
                [
                    0.006576510253505124,
                    -0.9999783745226122,
                    2.576075083770201e-10
                ],
                [
                    0.9999783745226122,
                    0.006576510253505124,
                    -5.639629789595426e-12
                ],
                [
                    3.945349409687555e-12,
                    2.5763902657481e-10,
                    1
                ]
            ],
            [
                [
                    0.12522992051583828,
                    -0.9921277473226907,
                    1.1741066104017618e-9
                ],
                [
                    -0.9921277473226907,
                    -0.12522992051583828,
                    5.886959355157065e-11
                ],
                [
                    8.862712026161073e-11,
                    -1.1722359810158429e-9,
                    -1
                ]
            ],
            [
                [
                    0.04103485715564187,
                    -0.9991577155275417,
                    -1.7027559030585795e-10
                ],
                [
                    -0.9991577155275417,
                    -0.04103485715564187,
                    -5.147705128042004e-12
                ],
                [
                    -1.843865229349617e-12,
                    1.7034340516471322e-10,
                    -1
                ]
            ]
        ]
    },
    "message": "File successfully processed",
    "pcd_image_info": {
        "origin_camera": {
            "x": -0.9662525630709302,
            "y": 0.6047559065021515
        },
        "filename": "927a75b8-ad53-4a19-8cb8-71438cb5d8cb.png",
        "world_dimensions": {
            "height": 26.559491000097893,
            "width": 47.21687288906293
        }
    }
}