{
    "box_outputs": {
        "box_centers": [
            [
                -5.526074708244986,
                0.048089659853905675,
                1.8342528306850643e-12
            ],
            [
                -1.1417545913903029,
                0.17724943282661762,
                5.110540686010474e-13
            ],
            [
                2.8418406352851626,
                0.19341004605295392,
                1.3150692530966754e-12
            ],
            [
                -4.309726885950644,
                -3.4942611260445213,
                5.453249231793139e-12
            ],
            [
                6.898084411721243,
                -1.0229432143248083,
                5.209837603958414e-12
            ],
            [
                8.62709155691851,
                -1.1177667979141352,
                4.462683005883065e-12
            ],
            [
                0.26561483581851264,
                -3.095819055774567,
                6.494583885660131e-14
            ],
            [
                -2.016833971472615,
                2.026991840221869,
                -2.731936059869826e-12
            ],
            [
                5.490204643757132,
                -1.0826154199625027,
                7.819434709817674e-12
            ],
            [
                0.3497420417536282,
                -3.3914505355072255,
                2.8502182717108716e-13
            ],
            [
                0.2610499057066927,
                -2.8578267249412765,
                1.5365939298079129e-12
            ],
            [
                0.5338117187063932,
                5.69829523153186,
                -8.120787473049931e-12
            ],
            [
                -1.9376370348498546,
                3.887263253474519,
                7.307259418081787e-13
            ],
            [
                -0.9525198582574336,
                3.5190615662265707,
                4.842976855649806e-12
            ],
            [
                -3.9295404909150475,
                1.3769057640609257,
                5.710177876080885e-13
            ],
            [
                0.6646913732742802,
                3.5523572911285406,
                -1.438960792178537e-12
            ],
            [
                -6.425178930251617,
                -0.07401480723850642,
                -5.234360652432793e-13
            ],
            [
                3.2377477756668243,
                3.513711754199279,
                4.026057452996754e-13
            ],
            [
                -0.5543075582937811,
                1.5209627529191667,
                -8.219144003306846e-13
            ],
            [
                -1.4735925432595496,
                0.07434207026337356,
                -6.113624401524464e-13
            ],
            [
                7.6298068694743515,
                -0.13438045410188904,
                4.2979878310573967e-13
            ],
            [
                -2.376624394390783,
                2.9288162515838327,
                1.2964820069245725e-12
            ],
            [
                -6.129446306841794,
                0.6861656874673009,
                1.7331061873287263e-12
            ],
            [
                -0.1917133423223695,
                2.548330775658811,
                -4.606235808570136e-13
            ],
            [
                -7.790747018744246,
                -1.8782957371244868,
                2.915876096273211e-13
            ],
            [
                -0.31989242910344606,
                -1.303253916364448,
                -7.816776752108816e-13
            ],
            [
                -0.6045832356074833,
                -1.9593229033698578,
                -1.0269959794262423e-13
            ],
            [
                -1.7201724671084453,
                1.7480368129662,
                -1.1766027085648054e-13
            ],
            [
                -7.888061472174978,
                -1.945648291596646,
                3.4391859500450976e-12
            ],
            [
                -0.3877400511178618,
                2.7474692020433524,
                3.5942017551586836e-12
            ],
            [
                -0.8760294866637448,
                -1.6889831470770331,
                2.700629805697778e-12
            ],
            [
                1.4441400218958438,
                -2.1655934157396937,
                6.4161076588466006e-12
            ],
            [
                -1.496999551296325,
                -1.7584817798023278,
                -9.023745778864384e-13
            ],
            [
                4.675240103308726,
                2.658608174247994,
                4.5385273627324803e-13
            ],
            [
                10.043433882576515,
                -0.496571784175938,
                1.6711812267018036e-11
            ]
        ],
        "box_extents": [
            [
                1.0333175048172645,
                0.05322243469363594,
                2.855733689851652e-11
            ],
            [
                1.7112930774476762,
                0.084768283738412,
                1.8355005659532345e-11
            ],
            [
                3.8573365901805774,
                0.11496414047562306,
                2.996975697509827e-11
            ],
            [
                6.80845571951108,
                0.11956956807151786,
                1.2609801093248576e-10
            ],
            [
                1.4683576207343574,
                0.1313671212100705,
                5.154573756337564e-11
            ],
            [
                1.8429984837048035,
                0.02700737996099109,
                3.621391389088903e-11
            ],
            [
                1.6818616625555372,
                0.07864963112568867,
                2.2598432615429007e-11
            ],
            [
                0.49621395175632266,
                0.07013879256812056,
                3.574362753107541e-11
            ],
            [
                1.170148704730045,
                0.08114833295653212,
                7.07641249346551e-11
            ],
            [
                2.059909407517317,
                0.07078272605404404,
                9.733232695420268e-12
            ],
            [
                1.1629927661473975,
                0.05413906962401925,
                2.4122129166510873e-11
            ],
            [
                0.7739716430104768,
                0.11735067729644433,
                7.793713791650177e-11
            ],
            [
                0.9155807024281959,
                0.07238626501812498,
                5.3696607823893325e-11
            ],
            [
                0.8585374723741144,
                0.11962722933429792,
                3.008712084037834e-11
            ],
            [
                4.395840678085354,
                0.09410928922900222,
                1.072920204288727e-10
            ],
            [
                1.6456176094363435,
                0.08710623703996066,
                3.300617042094572e-11
            ],
            [
                2.704030326649844,
                0.08386138992173572,
                9.279205302200929e-11
            ],
            [
                1.8103880112274915,
                0.0868179546785009,
                2.3899456038122824e-11
            ],
            [
                0.9217240398767171,
                0.09737108681626538,
                3.388145856706305e-11
            ],
            [
                1.0379526937428947,
                0.06987013603110641,
                2.880053143687762e-11
            ],
            [
                2.601243914493563,
                0.05001490703975849,
                6.31705396389655e-11
            ],
            [
                1.825839156801571,
                0.09684850749715887,
                4.182579987647964e-11
            ],
            [
                1.1633507539841457,
                0.0420893601485796,
                2.3950010494412432e-11
            ],
            [
                1.9715638163610083,
                0.07396710417095965,
                1.3675743247315351e-11
            ],
            [
                3.363263922022775,
                0.09067826012791204,
                7.101668166305065e-11
            ],
            [
                2.9994902271595376,
                0.09789449874120579,
                1.200919969391849e-11
            ],
            [
                2.1148873936689636,
                0.06948732889295395,
                2.4263893377994224e-11
            ],
            [
                0.5768877746354382,
                0.08777313471669594,
                2.655512852353058e-11
            ],
            [
                0.718280172101109,
                0.05695271539516193,
                2.950522581421745e-11
            ],
            [
                1.306898429390396,
                0.0435840087336499,
                3.170309813737416e-11
            ],
            [
                3.398131234404411,
                0.06087372071974145,
                3.478911512895606e-11
            ],
            [
                1.3923435608328596,
                0.03860996622647163,
                4.441588588985969e-11
            ],
            [
                1.4935984335793844,
                0.0715775105825463,
                7.440565320032455e-11
            ],
            [
                1.8854281357950085,
                0.07703114655057408,
                3.8500563687029635e-11
            ],
            [
                1.1385456450626172,
                0.09791076134793388,
                1.578151685198727e-10
            ]
        ],
        "box_rotations": [
            [
                [
                    0.998744456370061,
                    -0.05009501841571968,
                    -3.0625388732836006e-11
                ],
                [
                    0.05009501841571968,
                    0.998744456370061,
                    5.162094597597338e-10
                ],
                [
                    4.7274148280655175e-12,
                    -5.170955156733781e-10,
                    1
                ]
            ],
            [
                [
                    0.9989961361281239,
                    -0.04479642844110434,
                    -7.283574528878226e-12
                ],
                [
                    0.04479642844110434,
                    0.9989961361281239,
                    2.022422531416149e-10
                ],
                [
                    -1.7834678090754925e-12,
                    -2.0236550757549754e-10,
                    1
                ]
            ],
            [
                [
                    0.9998041437525644,
                    -0.019790758833396992,
                    2.211468978875589e-12
                ],
                [
                    -0.019790758833396992,
                    -0.9998041437525644,
                    2.2542573271771935e-10
                ],
                [
                    -2.2503104621981273e-12,
                    -2.2542534832886227e-10,
                    -1.0000000000000002
                ]
            ],
            [
                [
                    0.9994740718595245,
                    -0.03242806933109029,
                    3.4632012541734366e-11
                ],
                [
                    0.03242806933109029,
                    0.9994740718595245,
                    -9.724045704277675e-10
                ],
                [
                    -3.080595764076657e-12,
                    9.73016204804031e-10,
                    1
                ]
            ],
            [
                [
                    0.999685402817972,
                    -0.025081774113271116,
                    3.384908712863471e-11
                ],
                [
                    -0.025081774113271116,
                    -0.999685402817972,
                    2.4702096949858754e-10
                ],
                [
                    2.7642714143005014e-11,
                    -2.4779225255498227e-10,
                    -1.0000000000000002
                ]
            ],
            [
                [
                    0.9996106481473377,
                    -0.02790254666619725,
                    -4.6799199607981685e-11
                ],
                [
                    -0.02790254666619725,
                    -0.9996106481473377,
                    -1.4130781861656796e-9
                ],
                [
                    -7.35249822043796e-12,
                    1.4138338184069419e-9,
                    -0.9999999999999999
                ]
            ],
            [
                [
                    0.9999971117318796,
                    -0.002403440845691799,
                    1.2312008284579911e-12
                ],
                [
                    0.002403440845691799,
                    0.9999971117318796,
                    -2.859074664884147e-10
                ],
                [
                    -5.440355893733734e-13,
                    2.859095998293542e-10,
                    1
                ]
            ],
            [
                [
                    0.9994243160385777,
                    -0.033926928991894624,
                    -2.0454295583358272e-12
                ],
                [
                    0.033926928991894624,
                    0.9994243160385777,
                    5.170962442095087e-10
                ],
                [
                    -1.549923552192653e-11,
                    -5.168679553385892e-10,
                    1
                ]
            ],
            [
                [
                    0.9907866748907569,
                    -0.13543177196993902,
                    -1.3372560954033076e-11
                ],
                [
                    -0.13543177196993902,
                    -0.9907866748907569,
                    3.0294869916363657e-10
                ],
                [
                    -5.4278234346139686e-11,
                    -2.98346464681039e-10,
                    -1
                ]
            ],
            [
                [
                    0.9999868673579154,
                    -0.00512494992200678,
                    3.783361433304099e-12
                ],
                [
                    -0.005124949922006779,
                    -0.9999868673579153,
                    -4.125203674473292e-11
                ],
                [
                    3.994726370270058e-12,
                    4.123210545861655e-11,
                    -1
                ]
            ],
            [
                [
                    0.99987371045206,
                    -0.015892235425833144,
                    -1.8591491570653983e-11
                ],
                [
                    0.015892235425833144,
                    0.99987371045206,
                    2.0717065688558505e-10
                ],
                [
                    1.5296738807037775e-11,
                    -2.0743995375793877e-10,
                    1
                ]
            ],
            [
                [
                    0.9965510644202362,
                    -0.0829817811504085,
                    -6.511095664306363e-12
                ],
                [
                    -0.0829817811504085,
                    -0.9965510644202362,
                    -5.668035019676254e-10
                ],
                [
                    4.054572484075613e-11,
                    5.653889355184194e-10,
                    -1
                ]
            ],
            [
                [
                    0.9998125263837582,
                    -0.019362646671544415,
                    5.310482892624245e-12
                ],
                [
                    0.019362646671544415,
                    0.9998125263837582,
                    6.77841346863718e-10
                ],
                [
                    -1.8434289815878322e-11,
                    -6.77611444491278e-10,
                    1.0000000000000002
                ]
            ],
            [
                [
                    0.9976418508899735,
                    -0.0686348115232219,
                    -2.613575920536824e-11
                ],
                [
                    0.0686348115232219,
                    0.9976418508899735,
                    -1.230883286166995e-10
                ],
                [
                    3.45222714233738e-11,
                    1.210042450770406e-10,
                    1.0000000000000002
                ]
            ],
            [
                [
                    0.9996545053515221,
                    -0.026284404699440253,
                    -2.969403558704245e-11
                ],
                [
                    0.026284404699440253,
                    0.9996545053515221,
                    1.139769860478791e-9
                ],
                [
                    -2.743958203936871e-13,
                    -1.1401565661400282e-9,
                    1.0000000000000002
                ]
            ],
            [
                [
                    0.9999833950754548,
                    -0.005762774797538988,
                    6.084708527555044e-12
                ],
                [
                    -0.005762774797538988,
                    -0.9999833950754548,
                    3.34397149822583e-10
                ],
                [
                    4.1575520240626135e-12,
                    -3.34426661988095e-10,
                    -1.0000000000000002
                ]
            ],
            [
                [
                    0.9998469288836178,
                    -0.017496251084101314,
                    5.251011222884663e-12
                ],
                [
                    0.017496251084101314,
                    0.9998469288836178,
                    -8.780908837170499e-10
                ],
                [
                    1.0113091131439271e-11,
                    8.780483463759952e-10,
                    1.0000000000000002
                ]
            ],
            [
                [
                    0.9999621382045714,
                    -0.008701847926852824,
                    -9.288491185272028e-13
                ],
                [
                    -0.008701847926852824,
                    -0.9999621382045714,
                    -2.6594488318068563e-10
                ],
                [
                    1.3853979797310724e-12,
                    2.6594289673369967e-10,
                    -1.0000000000000002
                ]
            ],
            [
                [
                    0.9998777680572158,
                    -0.01563486312445998,
                    2.3958587664659118e-11
                ],
                [
                    0.01563486312445998,
                    0.9998777680572158,
                    -2.6580727862568167e-10
                ],
                [
                    -1.979979874114477e-11,
                    2.6614937772440136e-10,
                    1.0000000000000002
                ]
            ],
            [
                [
                    0.9989178053091912,
                    -0.04651040997743368,
                    -1.592899818128498e-11
                ],
                [
                    0.04651040997743368,
                    0.9989178053091912,
                    4.1993171984005013e-10
                ],
                [
                    -3.6194365482662607e-12,
                    -4.2021813619827833e-10,
                    1
                ]
            ],
            [
                [
                    0.9999561893968386,
                    -0.009360517451174588,
                    -1.2776068501382935e-11
                ],
                [
                    -0.009360517451174588,
                    -0.9999561893968386,
                    -1.2168072924891527e-9
                ],
                [
                    -1.3855628780546438e-12,
                    1.2168735740399023e-9,
                    -1
                ]
            ],
            [
                [
                    0.051208578690408256,
                    -0.9986879800360613,
                    3.554069529684549e-10
                ],
                [
                    -0.9986879800360613,
                    -0.051208578690408256,
                    -3.181996081607055e-12
                ],
                [
                    2.1377706157426157e-11,
                    -3.547777064541001e-10,
                    -1
                ]
            ],
            [
                [
                    0.03900822990228408,
                    -0.9992388893552385,
                    4.138990583756633e-10
                ],
                [
                    -0.9992388893552385,
                    -0.03900822990228406,
                    -2.6211239241922435e-12
                ],
                [
                    1.8764598584329073e-11,
                    -4.134817899918395e-10,
                    -1
                ]
            ],
            [
                [
                    0.001132955176232797,
                    -0.9999993582060783,
                    2.0278519067369304e-10
                ],
                [
                    0.9999993582060783,
                    0.001132955176232797,
                    1.1768518053949186e-12
                ],
                [
                    -1.4065975815356985e-12,
                    2.027837272070457e-10,
                    0.9999999999999999
                ]
            ],
            [
                [
                    0.020592632813530003,
                    -0.9997879492541443,
                    -7.97883258395389e-10
                ],
                [
                    -0.9997879492541443,
                    -0.020592632813530003,
                    -1.5444587492245455e-11
                ],
                [
                    -9.892045122508373e-13,
                    7.980321113745245e-10,
                    -1.0000000000000002
                ]
            ],
            [
                [
                    0.03132344005097143,
                    -0.9995093006587649,
                    -1.1027212811785508e-10
                ],
                [
                    0.9995093006587649,
                    0.03132344005097143,
                    1.899503619939096e-12
                ],
                [
                    1.555530859628556e-12,
                    -1.102775166449968e-10,
                    1
                ]
            ],
            [
                [
                    0.031917332092196236,
                    -0.9994905121671323,
                    -3.4797143602594836e-10
                ],
                [
                    0.9994905121671323,
                    0.031917332092196236,
                    1.0923888001777651e-11
                ],
                [
                    1.879974684854766e-13,
                    -3.4814281017419835e-10,
                    0.9999999999999999
                ]
            ],
            [
                [
                    0.05172276325828734,
                    -0.9986614820653329,
                    5.960111768985855e-11
                ],
                [
                    -0.9986614820653329,
                    -0.05172276325828734,
                    -3.794211103053894e-11
                ],
                [
                    4.097405933464731e-11,
                    -5.755886969855225e-11,
                    -1
                ]
            ],
            [
                [
                    -0.0010177326363091657,
                    -0.9999994821100064,
                    -4.74607329489596e-10
                ],
                [
                    0.9999994821100064,
                    -0.0010177326363091657,
                    1.2539982737645469e-11
                ],
                [
                    -1.3022999611966989e-11,
                    -4.745943213455183e-10,
                    1.0000000000000002
                ]
            ],
            [
                [
                    0.01967700900562516,
                    -0.9998063889156703,
                    -2.5852717117090046e-10
                ],
                [
                    -0.9998063889156703,
                    -0.01967700900562516,
                    -2.767450935336346e-11
                ],
                [
                    2.2582109786270654e-11,
                    2.5902166901473374e-10,
                    -1
                ]
            ],
            [
                [
                    0.026373156179131267,
                    -0.999652167822964,
                    5.948188237214452e-10
                ],
                [
                    -0.999652167822964,
                    -0.026373156179131267,
                    1.8140917806764184e-11
                ],
                [
                    -2.4473580755372024e-12,
                    -5.950903598535986e-10,
                    -1
                ]
            ],
            [
                [
                    0.009035721998295722,
                    -0.9999591770307273,
                    4.5685412390343117e-10
                ],
                [
                    0.9999591770307273,
                    0.009035721998295722,
                    2.6010423708831864e-11
                ],
                [
                    -3.013736874347038e-11,
                    4.566004508038781e-10,
                    1
                ]
            ],
            [
                [
                    0.04101964031801399,
                    -0.9991583403586145,
                    -7.493957482598786e-10
                ],
                [
                    -0.9991583403586145,
                    -0.04101964031801399,
                    -5.420374699342053e-11
                ],
                [
                    2.341818183769512e-11,
                    7.509884303087009e-10,
                    -1.0000000000000002
                ]
            ],
            [
                [
                    0.5053746346185826,
                    -0.8629000397984312,
                    2.274245292813894e-10
                ],
                [
                    -0.8629000397984312,
                    -0.5053746346185826,
                    1.5120461119897683e-10
                ],
                [
                    -1.5539876632418125e-11,
                    -2.7265961050537813e-10,
                    -1
                ]
            ],
            [
                [
                    0.7352884845263974,
                    -0.6777542655881068,
                    1.1428123802872393e-9
                ],
                [
                    -0.6777542655881068,
                    -0.7352884845263974,
                    1.2983825930315201e-9
                ],
                [
                    -3.968755759305071e-11,
                    -1.7292317346721743e-9,
                    -1
                ]
            ]
        ]
    },
    "message": "File successfully processed"
}